{
 "cells": [
  {
   "cell_type": "code",
   "execution_count": 1,
   "metadata": {},
   "outputs": [],
   "source": [
    "import numpy as np\n",
    "import pandas as pd\n",
    "import matplotlib.pyplot as plt\n",
    "import seaborn as sns"
   ]
  },
  {
   "cell_type": "code",
   "execution_count": 2,
   "metadata": {},
   "outputs": [],
   "source": [
    "# Read in the dataset (pre-cleaned)\n",
    "\n",
    "df = pd.read_csv('../datasets/2020_team_stats.csv', index_col = None)"
   ]
  },
  {
   "cell_type": "code",
   "execution_count": 3,
   "metadata": {},
   "outputs": [
    {
     "data": {
      "text/html": [
       "<div>\n",
       "<style scoped>\n",
       "    .dataframe tbody tr th:only-of-type {\n",
       "        vertical-align: middle;\n",
       "    }\n",
       "\n",
       "    .dataframe tbody tr th {\n",
       "        vertical-align: top;\n",
       "    }\n",
       "\n",
       "    .dataframe thead th {\n",
       "        text-align: right;\n",
       "    }\n",
       "</style>\n",
       "<table border=\"1\" class=\"dataframe\">\n",
       "  <thead>\n",
       "    <tr style=\"text-align: right;\">\n",
       "      <th></th>\n",
       "      <th>Unnamed: 0</th>\n",
       "      <th>Team</th>\n",
       "      <th>W</th>\n",
       "      <th>L</th>\n",
       "      <th>PW</th>\n",
       "      <th>PL</th>\n",
       "      <th>MOV</th>\n",
       "      <th>SOS</th>\n",
       "      <th>SRS</th>\n",
       "      <th>ORtg</th>\n",
       "      <th>...</th>\n",
       "      <th>3PAr</th>\n",
       "      <th>TS%</th>\n",
       "      <th>eFG%</th>\n",
       "      <th>TOV%</th>\n",
       "      <th>ORB%</th>\n",
       "      <th>FT/FGA</th>\n",
       "      <th>OeFG%</th>\n",
       "      <th>OTOV%</th>\n",
       "      <th>DRB%</th>\n",
       "      <th>OFT/FGA</th>\n",
       "    </tr>\n",
       "  </thead>\n",
       "  <tbody>\n",
       "    <tr>\n",
       "      <th>0</th>\n",
       "      <td>0</td>\n",
       "      <td>Milwaukee Bucks</td>\n",
       "      <td>46</td>\n",
       "      <td>8</td>\n",
       "      <td>44</td>\n",
       "      <td>10</td>\n",
       "      <td>12.11</td>\n",
       "      <td>-1.27</td>\n",
       "      <td>10.84</td>\n",
       "      <td>113.5</td>\n",
       "      <td>...</td>\n",
       "      <td>0.421</td>\n",
       "      <td>0.586</td>\n",
       "      <td>0.556</td>\n",
       "      <td>12.6</td>\n",
       "      <td>20.9</td>\n",
       "      <td>0.197</td>\n",
       "      <td>0.485</td>\n",
       "      <td>12.1</td>\n",
       "      <td>81.3</td>\n",
       "      <td>0.171</td>\n",
       "    </tr>\n",
       "    <tr>\n",
       "      <th>1</th>\n",
       "      <td>1</td>\n",
       "      <td>Los Angeles Lakers</td>\n",
       "      <td>41</td>\n",
       "      <td>12</td>\n",
       "      <td>38</td>\n",
       "      <td>15</td>\n",
       "      <td>7.42</td>\n",
       "      <td>0.13</td>\n",
       "      <td>7.55</td>\n",
       "      <td>113.6</td>\n",
       "      <td>...</td>\n",
       "      <td>0.350</td>\n",
       "      <td>0.581</td>\n",
       "      <td>0.552</td>\n",
       "      <td>13.3</td>\n",
       "      <td>25.0</td>\n",
       "      <td>0.195</td>\n",
       "      <td>0.512</td>\n",
       "      <td>13.6</td>\n",
       "      <td>78.9</td>\n",
       "      <td>0.200</td>\n",
       "    </tr>\n",
       "    <tr>\n",
       "      <th>2</th>\n",
       "      <td>2</td>\n",
       "      <td>Boston Celtics</td>\n",
       "      <td>38</td>\n",
       "      <td>16</td>\n",
       "      <td>38</td>\n",
       "      <td>16</td>\n",
       "      <td>6.87</td>\n",
       "      <td>-0.84</td>\n",
       "      <td>6.03</td>\n",
       "      <td>113.1</td>\n",
       "      <td>...</td>\n",
       "      <td>0.380</td>\n",
       "      <td>0.570</td>\n",
       "      <td>0.532</td>\n",
       "      <td>12.2</td>\n",
       "      <td>23.6</td>\n",
       "      <td>0.205</td>\n",
       "      <td>0.508</td>\n",
       "      <td>13.7</td>\n",
       "      <td>77.8</td>\n",
       "      <td>0.212</td>\n",
       "    </tr>\n",
       "    <tr>\n",
       "      <th>3</th>\n",
       "      <td>3</td>\n",
       "      <td>Dallas Mavericks</td>\n",
       "      <td>33</td>\n",
       "      <td>22</td>\n",
       "      <td>37</td>\n",
       "      <td>18</td>\n",
       "      <td>5.98</td>\n",
       "      <td>-0.03</td>\n",
       "      <td>5.95</td>\n",
       "      <td>117.6</td>\n",
       "      <td>...</td>\n",
       "      <td>0.457</td>\n",
       "      <td>0.582</td>\n",
       "      <td>0.546</td>\n",
       "      <td>11.1</td>\n",
       "      <td>24.4</td>\n",
       "      <td>0.203</td>\n",
       "      <td>0.519</td>\n",
       "      <td>10.7</td>\n",
       "      <td>76.9</td>\n",
       "      <td>0.178</td>\n",
       "    </tr>\n",
       "    <tr>\n",
       "      <th>4</th>\n",
       "      <td>4</td>\n",
       "      <td>Los Angeles Clippers</td>\n",
       "      <td>37</td>\n",
       "      <td>18</td>\n",
       "      <td>37</td>\n",
       "      <td>18</td>\n",
       "      <td>5.62</td>\n",
       "      <td>0.14</td>\n",
       "      <td>5.76</td>\n",
       "      <td>112.7</td>\n",
       "      <td>...</td>\n",
       "      <td>0.363</td>\n",
       "      <td>0.570</td>\n",
       "      <td>0.529</td>\n",
       "      <td>12.8</td>\n",
       "      <td>24.1</td>\n",
       "      <td>0.227</td>\n",
       "      <td>0.504</td>\n",
       "      <td>12.4</td>\n",
       "      <td>77.3</td>\n",
       "      <td>0.210</td>\n",
       "    </tr>\n",
       "  </tbody>\n",
       "</table>\n",
       "<p>5 rows × 24 columns</p>\n",
       "</div>"
      ],
      "text/plain": [
       "   Unnamed: 0                  Team   W   L  PW  PL    MOV   SOS    SRS  \\\n",
       "0           0       Milwaukee Bucks  46   8  44  10  12.11 -1.27  10.84   \n",
       "1           1    Los Angeles Lakers  41  12  38  15   7.42  0.13   7.55   \n",
       "2           2        Boston Celtics  38  16  38  16   6.87 -0.84   6.03   \n",
       "3           3      Dallas Mavericks  33  22  37  18   5.98 -0.03   5.95   \n",
       "4           4  Los Angeles Clippers  37  18  37  18   5.62  0.14   5.76   \n",
       "\n",
       "    ORtg  ...   3PAr    TS%   eFG%  TOV%  ORB%  FT/FGA  OeFG%  OTOV%  DRB%  \\\n",
       "0  113.5  ...  0.421  0.586  0.556  12.6  20.9   0.197  0.485   12.1  81.3   \n",
       "1  113.6  ...  0.350  0.581  0.552  13.3  25.0   0.195  0.512   13.6  78.9   \n",
       "2  113.1  ...  0.380  0.570  0.532  12.2  23.6   0.205  0.508   13.7  77.8   \n",
       "3  117.6  ...  0.457  0.582  0.546  11.1  24.4   0.203  0.519   10.7  76.9   \n",
       "4  112.7  ...  0.363  0.570  0.529  12.8  24.1   0.227  0.504   12.4  77.3   \n",
       "\n",
       "   OFT/FGA  \n",
       "0    0.171  \n",
       "1    0.200  \n",
       "2    0.212  \n",
       "3    0.178  \n",
       "4    0.210  \n",
       "\n",
       "[5 rows x 24 columns]"
      ]
     },
     "execution_count": 3,
     "metadata": {},
     "output_type": "execute_result"
    }
   ],
   "source": [
    "df.head()"
   ]
  },
  {
   "cell_type": "code",
   "execution_count": 4,
   "metadata": {},
   "outputs": [
    {
     "data": {
      "text/plain": [
       "Index(['Unnamed: 0', 'Team', 'W', 'L', 'PW', 'PL', 'MOV', 'SOS', 'SRS', 'ORtg',\n",
       "       'DRtg', 'NRtg', 'Pace', 'FTr', '3PAr', 'TS%', 'eFG%', 'TOV%', 'ORB%',\n",
       "       'FT/FGA', 'OeFG%', 'OTOV%', 'DRB%', 'OFT/FGA'],\n",
       "      dtype='object')"
      ]
     },
     "execution_count": 4,
     "metadata": {},
     "output_type": "execute_result"
    }
   ],
   "source": [
    "df.columns"
   ]
  },
  {
   "cell_type": "code",
   "execution_count": 5,
   "metadata": {},
   "outputs": [
    {
     "data": {
      "text/plain": [
       "Unnamed: 0      int64\n",
       "Team           object\n",
       "W               int64\n",
       "L               int64\n",
       "PW              int64\n",
       "PL              int64\n",
       "MOV           float64\n",
       "SOS           float64\n",
       "SRS           float64\n",
       "ORtg          float64\n",
       "DRtg          float64\n",
       "NRtg          float64\n",
       "Pace          float64\n",
       "FTr           float64\n",
       "3PAr          float64\n",
       "TS%           float64\n",
       "eFG%          float64\n",
       "TOV%          float64\n",
       "ORB%          float64\n",
       "FT/FGA        float64\n",
       "OeFG%         float64\n",
       "OTOV%         float64\n",
       "DRB%          float64\n",
       "OFT/FGA       float64\n",
       "dtype: object"
      ]
     },
     "execution_count": 5,
     "metadata": {},
     "output_type": "execute_result"
    }
   ],
   "source": [
    "# check the datatypes out\n",
    "\n",
    "df.dtypes"
   ]
  },
  {
   "cell_type": "code",
   "execution_count": 6,
   "metadata": {
    "scrolled": true
   },
   "outputs": [],
   "source": [
    "df.drop(['Unnamed: 0', 'Team', 'PW', 'PL', 'MOV', 'SOS', 'SRS', 'ORtg', 'DRtg', '3PAr'], axis = 1, inplace = True)"
   ]
  },
  {
   "cell_type": "code",
   "execution_count": 7,
   "metadata": {},
   "outputs": [
    {
     "data": {
      "text/plain": [
       "Index(['W', 'L', 'NRtg', 'Pace', 'FTr', 'TS%', 'eFG%', 'TOV%', 'ORB%',\n",
       "       'FT/FGA', 'OeFG%', 'OTOV%', 'DRB%', 'OFT/FGA'],\n",
       "      dtype='object')"
      ]
     },
     "execution_count": 7,
     "metadata": {},
     "output_type": "execute_result"
    }
   ],
   "source": [
    "df.columns"
   ]
  },
  {
   "cell_type": "code",
   "execution_count": 8,
   "metadata": {},
   "outputs": [
    {
     "data": {
      "text/html": [
       "<div>\n",
       "<style scoped>\n",
       "    .dataframe tbody tr th:only-of-type {\n",
       "        vertical-align: middle;\n",
       "    }\n",
       "\n",
       "    .dataframe tbody tr th {\n",
       "        vertical-align: top;\n",
       "    }\n",
       "\n",
       "    .dataframe thead th {\n",
       "        text-align: right;\n",
       "    }\n",
       "</style>\n",
       "<table border=\"1\" class=\"dataframe\">\n",
       "  <thead>\n",
       "    <tr style=\"text-align: right;\">\n",
       "      <th></th>\n",
       "      <th>W</th>\n",
       "      <th>L</th>\n",
       "      <th>NRtg</th>\n",
       "      <th>Pace</th>\n",
       "      <th>FTr</th>\n",
       "      <th>TS%</th>\n",
       "      <th>eFG%</th>\n",
       "      <th>TOV%</th>\n",
       "      <th>ORB%</th>\n",
       "      <th>FT/FGA</th>\n",
       "      <th>OeFG%</th>\n",
       "      <th>OTOV%</th>\n",
       "      <th>DRB%</th>\n",
       "      <th>OFT/FGA</th>\n",
       "    </tr>\n",
       "  </thead>\n",
       "  <tbody>\n",
       "    <tr>\n",
       "      <th>W</th>\n",
       "      <td>1.000000</td>\n",
       "      <td>-0.995258</td>\n",
       "      <td>0.965187</td>\n",
       "      <td>0.060291</td>\n",
       "      <td>0.249138</td>\n",
       "      <td>0.745552</td>\n",
       "      <td>0.762902</td>\n",
       "      <td>-0.290227</td>\n",
       "      <td>-0.038506</td>\n",
       "      <td>0.228730</td>\n",
       "      <td>-0.873461</td>\n",
       "      <td>-0.116888</td>\n",
       "      <td>0.465879</td>\n",
       "      <td>-0.183512</td>\n",
       "    </tr>\n",
       "    <tr>\n",
       "      <th>L</th>\n",
       "      <td>-0.995258</td>\n",
       "      <td>1.000000</td>\n",
       "      <td>-0.961521</td>\n",
       "      <td>-0.080234</td>\n",
       "      <td>-0.258095</td>\n",
       "      <td>-0.745287</td>\n",
       "      <td>-0.764639</td>\n",
       "      <td>0.280840</td>\n",
       "      <td>0.029348</td>\n",
       "      <td>-0.229946</td>\n",
       "      <td>0.863457</td>\n",
       "      <td>0.117895</td>\n",
       "      <td>-0.483903</td>\n",
       "      <td>0.181191</td>\n",
       "    </tr>\n",
       "    <tr>\n",
       "      <th>NRtg</th>\n",
       "      <td>0.965187</td>\n",
       "      <td>-0.961521</td>\n",
       "      <td>1.000000</td>\n",
       "      <td>0.119178</td>\n",
       "      <td>0.314199</td>\n",
       "      <td>0.779800</td>\n",
       "      <td>0.782660</td>\n",
       "      <td>-0.334633</td>\n",
       "      <td>-0.058959</td>\n",
       "      <td>0.292264</td>\n",
       "      <td>-0.878864</td>\n",
       "      <td>-0.106965</td>\n",
       "      <td>0.485130</td>\n",
       "      <td>-0.158591</td>\n",
       "    </tr>\n",
       "    <tr>\n",
       "      <th>Pace</th>\n",
       "      <td>0.060291</td>\n",
       "      <td>-0.080234</td>\n",
       "      <td>0.119178</td>\n",
       "      <td>1.000000</td>\n",
       "      <td>0.277366</td>\n",
       "      <td>0.235733</td>\n",
       "      <td>0.199100</td>\n",
       "      <td>0.109209</td>\n",
       "      <td>-0.124052</td>\n",
       "      <td>0.252981</td>\n",
       "      <td>-0.176316</td>\n",
       "      <td>0.001722</td>\n",
       "      <td>0.019638</td>\n",
       "      <td>0.388456</td>\n",
       "    </tr>\n",
       "    <tr>\n",
       "      <th>FTr</th>\n",
       "      <td>0.249138</td>\n",
       "      <td>-0.258095</td>\n",
       "      <td>0.314199</td>\n",
       "      <td>0.277366</td>\n",
       "      <td>1.000000</td>\n",
       "      <td>0.363854</td>\n",
       "      <td>0.201053</td>\n",
       "      <td>0.039366</td>\n",
       "      <td>-0.135601</td>\n",
       "      <td>0.915842</td>\n",
       "      <td>-0.244369</td>\n",
       "      <td>-0.089021</td>\n",
       "      <td>0.173678</td>\n",
       "      <td>-0.060531</td>\n",
       "    </tr>\n",
       "    <tr>\n",
       "      <th>TS%</th>\n",
       "      <td>0.745552</td>\n",
       "      <td>-0.745287</td>\n",
       "      <td>0.779800</td>\n",
       "      <td>0.235733</td>\n",
       "      <td>0.363854</td>\n",
       "      <td>1.000000</td>\n",
       "      <td>0.963030</td>\n",
       "      <td>-0.132264</td>\n",
       "      <td>-0.278398</td>\n",
       "      <td>0.426547</td>\n",
       "      <td>-0.584862</td>\n",
       "      <td>-0.305748</td>\n",
       "      <td>0.341653</td>\n",
       "      <td>-0.056255</td>\n",
       "    </tr>\n",
       "    <tr>\n",
       "      <th>eFG%</th>\n",
       "      <td>0.762902</td>\n",
       "      <td>-0.764639</td>\n",
       "      <td>0.782660</td>\n",
       "      <td>0.199100</td>\n",
       "      <td>0.201053</td>\n",
       "      <td>0.963030</td>\n",
       "      <td>1.000000</td>\n",
       "      <td>-0.075853</td>\n",
       "      <td>-0.160283</td>\n",
       "      <td>0.196410</td>\n",
       "      <td>-0.609002</td>\n",
       "      <td>-0.330432</td>\n",
       "      <td>0.403824</td>\n",
       "      <td>-0.061843</td>\n",
       "    </tr>\n",
       "    <tr>\n",
       "      <th>TOV%</th>\n",
       "      <td>-0.290227</td>\n",
       "      <td>0.280840</td>\n",
       "      <td>-0.334633</td>\n",
       "      <td>0.109209</td>\n",
       "      <td>0.039366</td>\n",
       "      <td>-0.132264</td>\n",
       "      <td>-0.075853</td>\n",
       "      <td>1.000000</td>\n",
       "      <td>0.128587</td>\n",
       "      <td>-0.097492</td>\n",
       "      <td>0.219949</td>\n",
       "      <td>0.183808</td>\n",
       "      <td>0.005191</td>\n",
       "      <td>0.116389</td>\n",
       "    </tr>\n",
       "    <tr>\n",
       "      <th>ORB%</th>\n",
       "      <td>-0.038506</td>\n",
       "      <td>0.029348</td>\n",
       "      <td>-0.058959</td>\n",
       "      <td>-0.124052</td>\n",
       "      <td>-0.135601</td>\n",
       "      <td>-0.278398</td>\n",
       "      <td>-0.160283</td>\n",
       "      <td>0.128587</td>\n",
       "      <td>1.000000</td>\n",
       "      <td>-0.334972</td>\n",
       "      <td>0.119722</td>\n",
       "      <td>-0.001335</td>\n",
       "      <td>-0.059630</td>\n",
       "      <td>0.047214</td>\n",
       "    </tr>\n",
       "    <tr>\n",
       "      <th>FT/FGA</th>\n",
       "      <td>0.228730</td>\n",
       "      <td>-0.229946</td>\n",
       "      <td>0.292264</td>\n",
       "      <td>0.252981</td>\n",
       "      <td>0.915842</td>\n",
       "      <td>0.426547</td>\n",
       "      <td>0.196410</td>\n",
       "      <td>-0.097492</td>\n",
       "      <td>-0.334972</td>\n",
       "      <td>1.000000</td>\n",
       "      <td>-0.184462</td>\n",
       "      <td>-0.049685</td>\n",
       "      <td>0.029063</td>\n",
       "      <td>-0.042903</td>\n",
       "    </tr>\n",
       "    <tr>\n",
       "      <th>OeFG%</th>\n",
       "      <td>-0.873461</td>\n",
       "      <td>0.863457</td>\n",
       "      <td>-0.878864</td>\n",
       "      <td>-0.176316</td>\n",
       "      <td>-0.244369</td>\n",
       "      <td>-0.584862</td>\n",
       "      <td>-0.609002</td>\n",
       "      <td>0.219949</td>\n",
       "      <td>0.119722</td>\n",
       "      <td>-0.184462</td>\n",
       "      <td>1.000000</td>\n",
       "      <td>0.218704</td>\n",
       "      <td>-0.450988</td>\n",
       "      <td>0.163435</td>\n",
       "    </tr>\n",
       "    <tr>\n",
       "      <th>OTOV%</th>\n",
       "      <td>-0.116888</td>\n",
       "      <td>0.117895</td>\n",
       "      <td>-0.106965</td>\n",
       "      <td>0.001722</td>\n",
       "      <td>-0.089021</td>\n",
       "      <td>-0.305748</td>\n",
       "      <td>-0.330432</td>\n",
       "      <td>0.183808</td>\n",
       "      <td>-0.001335</td>\n",
       "      <td>-0.049685</td>\n",
       "      <td>0.218704</td>\n",
       "      <td>1.000000</td>\n",
       "      <td>-0.233992</td>\n",
       "      <td>0.377262</td>\n",
       "    </tr>\n",
       "    <tr>\n",
       "      <th>DRB%</th>\n",
       "      <td>0.465879</td>\n",
       "      <td>-0.483903</td>\n",
       "      <td>0.485130</td>\n",
       "      <td>0.019638</td>\n",
       "      <td>0.173678</td>\n",
       "      <td>0.341653</td>\n",
       "      <td>0.403824</td>\n",
       "      <td>0.005191</td>\n",
       "      <td>-0.059630</td>\n",
       "      <td>0.029063</td>\n",
       "      <td>-0.450988</td>\n",
       "      <td>-0.233992</td>\n",
       "      <td>1.000000</td>\n",
       "      <td>-0.111557</td>\n",
       "    </tr>\n",
       "    <tr>\n",
       "      <th>OFT/FGA</th>\n",
       "      <td>-0.183512</td>\n",
       "      <td>0.181191</td>\n",
       "      <td>-0.158591</td>\n",
       "      <td>0.388456</td>\n",
       "      <td>-0.060531</td>\n",
       "      <td>-0.056255</td>\n",
       "      <td>-0.061843</td>\n",
       "      <td>0.116389</td>\n",
       "      <td>0.047214</td>\n",
       "      <td>-0.042903</td>\n",
       "      <td>0.163435</td>\n",
       "      <td>0.377262</td>\n",
       "      <td>-0.111557</td>\n",
       "      <td>1.000000</td>\n",
       "    </tr>\n",
       "  </tbody>\n",
       "</table>\n",
       "</div>"
      ],
      "text/plain": [
       "                W         L      NRtg      Pace       FTr       TS%      eFG%  \\\n",
       "W        1.000000 -0.995258  0.965187  0.060291  0.249138  0.745552  0.762902   \n",
       "L       -0.995258  1.000000 -0.961521 -0.080234 -0.258095 -0.745287 -0.764639   \n",
       "NRtg     0.965187 -0.961521  1.000000  0.119178  0.314199  0.779800  0.782660   \n",
       "Pace     0.060291 -0.080234  0.119178  1.000000  0.277366  0.235733  0.199100   \n",
       "FTr      0.249138 -0.258095  0.314199  0.277366  1.000000  0.363854  0.201053   \n",
       "TS%      0.745552 -0.745287  0.779800  0.235733  0.363854  1.000000  0.963030   \n",
       "eFG%     0.762902 -0.764639  0.782660  0.199100  0.201053  0.963030  1.000000   \n",
       "TOV%    -0.290227  0.280840 -0.334633  0.109209  0.039366 -0.132264 -0.075853   \n",
       "ORB%    -0.038506  0.029348 -0.058959 -0.124052 -0.135601 -0.278398 -0.160283   \n",
       "FT/FGA   0.228730 -0.229946  0.292264  0.252981  0.915842  0.426547  0.196410   \n",
       "OeFG%   -0.873461  0.863457 -0.878864 -0.176316 -0.244369 -0.584862 -0.609002   \n",
       "OTOV%   -0.116888  0.117895 -0.106965  0.001722 -0.089021 -0.305748 -0.330432   \n",
       "DRB%     0.465879 -0.483903  0.485130  0.019638  0.173678  0.341653  0.403824   \n",
       "OFT/FGA -0.183512  0.181191 -0.158591  0.388456 -0.060531 -0.056255 -0.061843   \n",
       "\n",
       "             TOV%      ORB%    FT/FGA     OeFG%     OTOV%      DRB%   OFT/FGA  \n",
       "W       -0.290227 -0.038506  0.228730 -0.873461 -0.116888  0.465879 -0.183512  \n",
       "L        0.280840  0.029348 -0.229946  0.863457  0.117895 -0.483903  0.181191  \n",
       "NRtg    -0.334633 -0.058959  0.292264 -0.878864 -0.106965  0.485130 -0.158591  \n",
       "Pace     0.109209 -0.124052  0.252981 -0.176316  0.001722  0.019638  0.388456  \n",
       "FTr      0.039366 -0.135601  0.915842 -0.244369 -0.089021  0.173678 -0.060531  \n",
       "TS%     -0.132264 -0.278398  0.426547 -0.584862 -0.305748  0.341653 -0.056255  \n",
       "eFG%    -0.075853 -0.160283  0.196410 -0.609002 -0.330432  0.403824 -0.061843  \n",
       "TOV%     1.000000  0.128587 -0.097492  0.219949  0.183808  0.005191  0.116389  \n",
       "ORB%     0.128587  1.000000 -0.334972  0.119722 -0.001335 -0.059630  0.047214  \n",
       "FT/FGA  -0.097492 -0.334972  1.000000 -0.184462 -0.049685  0.029063 -0.042903  \n",
       "OeFG%    0.219949  0.119722 -0.184462  1.000000  0.218704 -0.450988  0.163435  \n",
       "OTOV%    0.183808 -0.001335 -0.049685  0.218704  1.000000 -0.233992  0.377262  \n",
       "DRB%     0.005191 -0.059630  0.029063 -0.450988 -0.233992  1.000000 -0.111557  \n",
       "OFT/FGA  0.116389  0.047214 -0.042903  0.163435  0.377262 -0.111557  1.000000  "
      ]
     },
     "execution_count": 8,
     "metadata": {},
     "output_type": "execute_result"
    }
   ],
   "source": [
    "df.corr()"
   ]
  },
  {
   "cell_type": "code",
   "execution_count": 9,
   "metadata": {},
   "outputs": [
    {
     "name": "stderr",
     "output_type": "stream",
     "text": [
      "/Users/dylanblough/opt/anaconda3/lib/python3.7/site-packages/ipykernel_launcher.py:13: UserWarning: Matplotlib is currently using module://ipykernel.pylab.backend_inline, which is a non-GUI backend, so cannot show the figure.\n",
      "  del sys.path[0]\n"
     ]
    },
    {
     "data": {
